time,id,mass,px,py,pz,vx,vy,vz
0.0000000000000000e+00,0,1.0000000000000000e+00,-1.3374437013752988e+01,2.8642968062212336e+01,6.2204293416600285e+00,9.2174138065278716e-02,2.1516510696991720e-01,-2.1947904571768487e-02
0.0000000000000000e+00,1,1.0000000000000000e+00,-1.8374437013752988e+01,2.8642968062212336e+01,6.2204293416600285e+00,9.2174138065278632e-02,-4.1729042506375869e-01,-2.1947904571768487e-02
0.0000000000000000e+00,2,1.0000000000000000e+00,3.1748874027505977e+01,-5.7285936124424680e+01,-1.2440858683320055e+01,-1.8434827613055732e-01,2.0212531809384143e-01,4.3895809143536982e-02

8.7796302524943481e-01,0,1.0000000000000000e+00,-1.3308894070966865e+01,2.8831270393998132e+01,6.2011524429108817e+00,5.7168751231120279e-02,2.1313880310354405e-01,-2.1964875480035222e-02
8.7796302524943481e-01,1,1.0000000000000000e+00,-1.8278092274032318e+01,2.8277140770291989e+01,6.2011529223940594e+00,1.2726323297745401e-01,-4.1541557380129790e-01,-2.1963823173008618e-02
8.7796302524943481e-01,2,1.0000000000000000e+00,3.1586986344999183e+01,-5.7108411164290139e+01,-1.2402305365304933e+01,-1.8443198420857435e-01,2.0227677069775379e-01,4.3928698653043850e-02

1.7666367359489392e+00,0,1.0000000000000000e+00,-1.3273686756186137e+01,2.9018309504891469e+01,6.1816252052903025e+00,2.2177701524220661e-02,2.0714459352667175e-01,-2.1982045323512119e-02
1.7666367359489392e+00,1,1.0000000000000000e+00,-1.8149361907688615e+01,2.7910275077159245e+01,6.1816269984363030e+00,1.6233949191573990e-01,-4.0957579344289191e-01,-2.1980186990867838e-02
1.7666367359489392e+00,2,1.0000000000000000e+00,3.1423048663874759e+01,-5.6928584582050725e+01,-1.2363252203726599e+01,-1.8451719343996051e-01,2.0243119991622005e-01,4.3962232314379977e-02

3.1385774327176881e+00,0,1.0000000000000000e+00,-1.3279351161227883e+01,2.9291973575048800e+01,6.1514489797114020e+00,-2.9951104378692528e-02,1.9028945689928384e-01,-2.2008513642405490e-02
3.1385774327176881e+00,1,1.0000000000000000e+00,-1.7890460084931529e+01,2.7358722623168195e+01,6.1514538670329868e+00,2.1460082367297229e-01,-3.9296133958991947e-01,-2.2005981648230703e-02
3.1385774327176881e+00,2,1.0000000000000000e+00,3.1169811246159416e+01,-5.6650696198217020e+01,-1.2302902846744386e+01,-1.8464971929427976e-01,2.0267188269063563e-01,4.4014495290636217e-02

4.7104931162089345e+00,0,1.0000000000000000e+00,-1.3370535934451002e+01,2.9568921564409806e+01,6.1168296666879467e+00,-8.5074989763752884e-02,1.6025004537523332e-01,-2.2038761848454658e-02
4.7104931162089345e+00,1,1.0000000000000000e+00,-1.7508901205062244e+01,2.6762972539081890e+01,6.1168385492510886e+00,2.6987806696285060e-01,-3.6320117885802405e-01,-2.2036378735567384e-02
4.7104931162089345e+00,2,1.0000000000000000e+00,3.0879437139513257e+01,-5.6331894103491720e+01,-1.2233668215939030e+01,-1.8480307719909778e-01,2.0295113348279081e-01,4.4075140584022052e-02

6.9520883887655955e+00,0,1.0000000000000000e+00,-1.3638438380399183e+01,2.9864057313683904e+01,6.0673794583519722e+00,-1.5110962102825243e-01,9.9946174461953419e-02,-2.2081770242655657e-02
6.9520883887655955e+00,1,1.0000000000000000e+00,-1.6826497331289914e+01,2.6012450153423313e+01,6.0673918695940436e+00,3.3613430253910120e-01,-3.0330223402992773e-01,-2.2081340689856375e-02
6.9520883887655955e+00,2,1.0000000000000000e+00,3.0464935711689108e+01,-5.5876507467107245e+01,-1.2134771327946009e+01,-1.8502468151084878e-01,2.0335605956797431e-01,4.4163110932512045e-02

1.0147520201457890e+01,0,1.0000000000000000e+00,-1.4228493513751600e+01,3.0010363010675736e+01,5.9967207277190662e+00,-2.1063173937122137e-01,-1.2406968228103388e-02,-2.2143130257948437e-02
1.0147520201457890e+01,1,1.0000000000000000e+00,-1.5644695904545248e+01,2.5215393395238536e+01,5.9967259150876719e+00,3.9597841940222245e-01,-1.9154074027809995e-01,-2.2148613165460913e-02
1.0147520201457890e+01,2,1.0000000000000000e+00,2.9873189418296857e+01,-5.5225756405914296e+01,-1.1993446642806731e+01,-1.8534668003100097e-01,2.0394770850620339e-01,4.4291743423409351e-02

1.4117183246329041e+01,0,1.0000000000000000e+00,-1.5101705246974856e+01,2.9649637246329615e+01,5.9086667368309547e+00,-2.1610974115330681e-01,-1.6981165457094083e-01,-2.2220756911097126e-02
1.4117183246329041e+01,1,1.0000000000000000e+00,-1.4034910177131133e+01,2.4765016139917062e+01,5.9086303838006966e+00,4.0186638928151275e-01,-3.4896236001616482e-02,-2.2236405437516375e-02
1.4117183246329041e+01,2,1.0000000000000000e+00,2.9136615424105997e+01,-5.4414653386246698e+01,-1.1817297120631645e+01,-1.8575664812820603e-01,2.0470789057255723e-01,4.4457162348613508e-02

1.9435010006573940e+01,0,1.0000000000000000e+00,-1.6012893366235296e+01,2.8239677157004682e+01,5.7902109959350589e+00,-1.0649798192803496e-01,-3.4810858170987191e-01,-2.2331405174454907e-02
1.9435010006573940e+01,1,1.0000000000000000e+00,-1.2134404462945550e+01,2.5083568815149690e+01,5.7900598835573467e+00,2.9282030494982575e-01,1.4233634950059038e-01,-2.2357363450956808e-02
1.9435010006573940e+01,2,1.0000000000000000e+00,2.8147297829180854e+01,-5.3323245972154396e+01,-1.1580270879492399e+01,-1.8632232302179080e-01,2.0577223220928170e-01,4.4688768625411726e-02

2.4755091452821112e+01,0,1.0000000000000000e+00,-1.6077763821161948e+01,2.6138623937934476e+01,5.6710834965507892e+00,9.0116070589214656e-02,-4.1957030656229477e-01,-2.2455271024359406e-02
2.4755091452821112e+01,1,1.0000000000000000e+00,-1.1076737479914751e+01,2.6086945113173055e+01,5.6707978434354605e+00,9.6790935409924214e-02,2.1267921145797508e-01,-2.2476643804528209e-02
2.4755091452821112e+01,2,1.0000000000000000e+00,2.7154501301076710e+01,-5.2225569051107541e+01,-1.1341881339986243e+01,-1.8690700599913868e-01,2.0689109510431991e-01,4.4931914828887615e-02

2.9897738664552275e+01,0,1.0000000000000000e+00,-1.5102151201487988e+01,2.4086391475116173e+01,5.5552630355508299e+00,2.8248226282613820e-01,-3.5760422682262505e-01,-2.2590348416164412e-02
2.9897738664552275e+01,1,1.0000000000000000e+00,-1.1089657118643490e+01,2.7072313245935490e+01,5.5549203528227000e+00,-9.4989750217543911e-02,1.4957737983313724e-01,-2.2588209089804575e-02
2.9897738664552275e+01,2,1.0000000000000000e+00,2.6191808320131489e+01,-5.1158704721051663e+01,-1.1110183388373517e+01,-1.8749251260859409e-01,2.0802684698948792e-01,4.5178557505968990e-02

3.4839118544645778e+01,0,1.0000000000000000e+00,-1.3386050204361425e+01,2.2679889817924810e+01,5.4432888232149441e+00,3.9551607595046334e-01,-1.9985980352224855e-01,-2.2732210725409180e-02
3.4839118544645778e+01,1,1.0000000000000000e+00,-1.1877851810549082e+01,2.7448064193516476e+01,5.4430391922568342e+00,-2.0743924018146054e-01,-9.3146093313063727e-03,-2.2695834118444214e-02
3.4839118544645778e+01,2,1.0000000000000000e+00,2.5263902014910528e+01,-5.0127954011441282e+01,-1.0886328015471770e+01,-1.8807683576900255e-01,2.0917441285355490e-01,4.5428044843853391e-02

3.9840872617064974e+01,0,1.0000000000000000e+00,-1.1359629163211942e+01,2.2171060883380235e+01,5.3292160801091146e+00,3.9389258010803019e-01,-3.8061002713372372e-03,-2.2881007147723093e-02
3.9840872617064974e+01,1,1.0000000000000000e+00,-1.2962033177395632e+01,2.6907618606186404e+01,5.3292312129079988e+00,-2.0520212181494790e-01,-2.0659320798305050e-01,-2.2813726492004298e-02
3.9840872617064974e+01,2,1.0000000000000000e+00,2.4321662340607588e+01,-4.9078679489566639e+01,-1.0658447293017099e+01,-1.8869045829308198e-01,2.1039930825438771e-01,4.5694733639727411e-02

4.5355254771953746e+01,0,1.0000000000000000e+00,-9.5043780328712160e+00,2.2656859678461522e+01,5.2025976595506496e+00,2.5920595123655132e-01,1.6416364357630672e-01,-2.3040262020924754e-02
4.5355254771953746e+01,1,1.0000000000000000e+00,-1.3774852907499747e+01,2.5257694996394608e+01,5.2030217609735052e+00,-6.9815027626241588e-02,-3.7599242980886960e-01,-2.2965608791766012e-02
4.5355254771953746e+01,2,1.0000000000000000e+00,2.3279230940370972e+01,-4.7914554674856127e+01,-1.0405619420524143e+01,-1.8939092361030968e-01,2.1182878623256296e-01,4.6005870812690780e-02

5.0709351789184680e+01,0,1.0000000000000000e+00,-8.6526077206725596e+00,2.3712710275948510e+01,5.0788506081607530e+00,5.4027690353050717e-02,2.0686461696699635e-01,-2.3182831626004388e-02
5.0709351789184680e+01,1,1.0000000000000000e+00,-1.3610731262280916e+01,2.3063794271056747e+01,5.0796017108962195e+00,1.3606780826563725e-01,-4.2016341041985239e-01,-2.3142431295416040e-02
5.0709351789184680e+01,2,1.0000000000000000e+00,2.2263338982953488e+01,-4.6776504547005260e+01,-1.0158452319056957e+01,-1.9009549861868799e-01,2.1329879345285604e-01,4.6325262921420418e-02

5.5580446957489393e+01,0,1.0000000000000000e+00,-8.8320442541898672e+00,2.4564186208908509e+01,4.9656262528153370e+00,-1.1929824643484283e-01,1.2479469624620423e-01,-2.3304998388673961e-02
5.5580446957489393e+01,1,1.0000000000000000e+00,-1.2503709872428409e+01,2.1169908452648642e+01,4.9664305341913497e+00,3.1005981367756008e-01,-3.3950693505968454e-01,-2.3327253118798168e-02
5.5580446957489393e+01,2,1.0000000000000000e+00,2.1335754126618291e+01,-4.5734094661557151e+01,-9.9320567870066778e+00,-1.9076156724271709e-01,2.1471223881348023e-01,4.6632251507472147e-02

6.0353042021079702e+01,0,1.0000000000000000e+00,-9.6640446847798422e+00,2.4792026784779154e+01,4.8541095086020176e+00,-2.1286953739413284e-01,-3.8828174160298573e-02,-2.3429097868306065e-02
6.0353042021079702e+01,1,1.0000000000000000e+00,-1.0759671792069266e+01,1.9913870340110957e+01,4.8546373014637965e+00,4.0431020698751119e-01,-1.7734949566647476e-01,-2.3521970868884301e-02
6.0353042021079702e+01,2,1.0000000000000000e+00,2.0423716476849123e+01,-4.4705897124890114e+01,-9.7087468100658043e+00,-1.9144066959337824e-01,2.1617766982677342e-01,4.6951068737190391e-02

6.6053755704844193e+01,0,1.0000000000000000e+00,-1.0864272482092545e+01,2.3927573425071692e+01,4.7200660854419025e+00,-1.8140761889027218e-01,-2.6068772342793445e-01,-2.3604729699211544e-02
6.6053755704844193e+01,1,1.0000000000000000e+00,-8.4657049303825112e+00,1.9540693219124510e+01,4.7198792546009445e+00,3.7369262495624250e-01,4.2640980984441690e-02,-2.3753633554659405e-02
6.6053755704844193e+01,2,1.0000000000000000e+00,1.9329977412475074e+01,-4.3468266644196206e+01,-9.4399453400428364e+00,-1.9228500606597015e-01,2.1804674244349315e-01,4.7358363253870973e-02

7.1280475396397307e+01,0,1.0000000000000000e+00,-1.1455390327280474e+01,2.2157175726388111e+01,4.5961745650351054e+00,-2.9430620405887897e-02,-3.9992617310743855e-01,-2.3810425058595912e-02
7.1280475396397307e+01,1,1.0000000000000000e+00,-6.8674821088056461e+00,2.0166678331055756e+01,4.5952089182120446e+00,2.2251790543566258e-01,1.8004473214430156e-01,-2.3947327796317194e-02
7.1280475396397307e+01,2,1.0000000000000000e+00,1.8322872436086140e+01,-4.2323854057443867e+01,-9.1913834832471402e+00,-1.9308728502977474e-01,2.1988144096313722e-01,4.7757752854913127e-02

7.6432345235321776e+01,0,1.0000000000000000e+00,-1.1091342938066445e+01,1.9994113887691274e+01,4.4728792953918717e+00,1.7259881933983381e-01,-4.1777088972113685e-01,-2.4061599282192987e-02
7.6432345235321776e+01,1,1.0000000000000000e+00,-6.2346723993283852e+00,2.1192027851120645e+01,4.4713952442350999e+00,2.1307634173610007e-02,1.9596217348935019e-01,-2.4114809724969738e-02
7.6432345235321776e+01,2,1.0000000000000000e+00,1.7326015337394850e+01,-4.1186141738811912e+01,-8.9442745396269601e+00,-1.9390645351344363e-01,2.2180871623178694e-01,4.8176409007162746e-02

8.1116578792040457e+01,0,1.0000000000000000e+00,-9.8888147285044639e+00,1.8219541901164718e+01,4.3595633720137261e+00,3.3146875333855602e-01,-3.2419847711351807e-01,-2.4324534754732632e-02
8.1116578792040457e+01,1,1.0000000000000000e+00,-6.5270934630582973e+00,2.1923269677271986e+01,4.3581019238786274e+00,-1.3678667770664710e-01,1.0052290817752102e-01,-2.4257474378498452e-02
8.1116578792040457e+01,2,1.0000000000000000e+00,1.6415908191562774e+01,-4.0142811578436707e+01,-8.7176652958923491e+00,-1.9468207563190859e-01,2.2367556893599744e-01,4.8582009133231116e-02

8.5755528423368943e+01,0,1.0000000000000000e+00,-8.1304133806504844e+00,1.7078298124541682e+01,4.2460847449707924e+00,4.1041130764103562e-01,-1.6011496149543858e-01,-2.4600579352985624e-02
8.5755528423368943e+01,1,1.0000000000000000e+00,-7.3805305136401085e+00,2.2022365404816856e+01,4.2452252704407973e+00,-2.1492904716568639e-01,-6.5535407438814253e-02,-2.4411527419555192e-02
8.5755528423368943e+01,2,1.0000000000000000e+00,1.5510943894290602e+01,-3.9100663529358535e+01,-8.4913100154115853e+00,-1.9548226047534889e-01,2.2565036893425333e-01,4.9012106772540850e-02

9.1990372845225423e+01,0,1.0000000000000000e+00,-5.6548866280720631e+00,1.6834575756714727e+01,4.0915716841978362e+00,3.5235643538747857e-01,7.4121395703249826e-02,-2.4957352662917189e-02
9.1990372845225423e+01,1,1.0000000000000000e+00,-8.6337906846676660e+00,2.0850355189699993e+01,4.0922273465697652e+00,-1.5575548561553604e-01,-3.0265162917816740e-01,-2.4683046967760011e-02
9.1990372845225423e+01,2,1.0000000000000000e+00,1.4288677312739750e+01,-3.7684930946414724e+01,-8.1837990307675970e+00,-1.9660094977194226e-01,2.2853023347491791e-01,4.9640399630677227e-02

9.7282053315959104e+01,0,1.0000000000000000e+00,-4.2084740986590710e+00,1.7583475165556088e+01,3.9587966245490023e+00,1.8118639475766463e-01,1.8961186428918236e-01,-2.5217354262089493e-02
9.7282053315959104e+01,1,1.0000000000000000e+00,-9.0372714614833214e+00,1.8885196503136761e+01,3.9608073586408512e+00,1.6395416557896503e-02,-4.2080301904727796e-01,-2.5002320280795656e-02
9.7282053315959104e+01,2,1.0000000000000000e+00,1.3245745560142421e+01,-3.6468671668692856e+01,-7.9196039831898499e+00,-1.9758181131556057e-01,2.3119115475809596e-01,5.0219674542885194e-02

1.0234893817624744e+02,0,1.0000000000000000e+00,-3.7960075056283120e+00,1.8566060466837584e+01,3.8304786333497578e+00,-1.7158405485565353e-02,1.7686276372631121e-01,-2.5427701955046352e-02
1.0234893817624744e+02,1,1.0000000000000000e+00,-8.4461674343740487e+00,1.6724315441181488e+01,3.8331743412571955e+00,2.1571225453648890e-01,-4.1080349753017725e-01,-2.5389126461861082e-02
1.0234893817624744e+02,2,1.0000000000000000e+00,1.2242174940002384e+01,-3.5290375908019072e+01,-7.6636529746069479e+00,-1.9855384905092310e-01,2.3394073380386643e-01,5.0816828416907454e-02

1.0692926833975432e+02,0,1.0000000000000000e+00,-4.2235341899460508e+00,1.9148974421881586e+01,3.7135965889903795e+00,-1.5869588729441092e-01,6.3877424335993957e-02,-2.5610876199670334e-02
1.0692926833975432e+02,1,1.0000000000000000e+00,-7.1071158441143627e+00,1.5063806273945406e+01,3.7159793194772464e+00,3.5816535428973012e-01,-3.0050315114627119e-01,-2.5789854436666513e-02
1.0692926833975432e+02,2,1.0000000000000000e+00,1.1330650034060438e+01,-3.4212780695826993e+01,-7.4295759084676201e+00,-1.9946946699531892e-01,2.3662572681027777e-01,5.1400730636336864e-02

1.1166932646528120e+02,0,1.0000000000000000e+00,-5.1541860749998829e+00,1.9041271625233382e+01,3.5916878471142044e+00,-2.1611774583726084e-01,-1.1516440064695084e-01,-2.5837013279072167e-02
1.1166932646528120e+02,1,1.0000000000000000e+00,-5.2286493822062221e+00,1.4042838940270840e+01,3.5927076530552666e+00,4.1657014082643651e-01,-1.2448005466194269e-01,-2.6222604915942693e-02
1.1166932646528120e+02,2,1.0000000000000000e+00,1.0382835457206131e+01,-3.3084110565504211e+01,-7.1843955001694662e+00,-2.0045239498917544e-01,2.3964445530889372e-01,5.2059618195014881e-02

1.1679749551173555e+02,0,1.0000000000000000e+00,-6.1573405826981666e+00,1.7937027540829618e+01,3.4583706287173670e+00,-1.5419066419804564e-01,-3.0880874647879947e-01,-2.6177930030328884e-02
1.1679749551173555e+02,1,1.0000000000000000e+00,-3.1947618017500838e+00,1.3909115597660538e+01,3.4570800557374244e+00,3.5572910421449355e-01,6.5586445528245829e-02,-2.6663797965565939e-02
1.1679749551173555e+02,2,1.0000000000000000e+00,9.3521023844482762e+00,-3.1846143138490156e+01,-6.9154506844547861e+00,-2.0153844001644761e-01,2.4322230095055369e-01,5.2841727995894830e-02

1.2185786453544651e+02,0,1.0000000000000000e+00,-6.5569396110370386e+00,1.6034813092949864e+01,3.3247620965370048e+00,8.5823560567168666e-03,-4.2559685410480813e-01,-2.6652590021497842e-02
1.2185786453544651e+02,1,1.0000000000000000e+00,-1.7725746742362780e+00,1.4570892428474560e+01,3.3211870424064998e+00,1.9403614411821835e-01,1.7850557245056647e-01,-2.7032211801311695e-02
1.2185786453544651e+02,2,1.0000000000000000e+00,8.3295142852733441e+00,-3.0605705521424419e+01,-6.6459491389435001e+00,-2.0261850017493505e-01,2.4709128165424171e-01,5.3684801822809561e-02

1.2678687064175109e+02,0,1.0000000000000000e+00,-6.0351316809076261e+00,1.3889226929698886e+01,3.1919622208836431e+00,2.0285718823732915e-01,-4.2483766252661975e-01,-2.7253956569237084e-02
1.2678687064175109e+02,1,1.0000000000000000e+00,-1.2930522616387803e+00,1.5488553715703938e+01,3.1871996040113575e+00,8.2962883277085120e-04,1.7362051874019163e-01,-2.7326952507807187e-02
1.2678687064175109e+02,2,1.0000000000000000e+00,7.3281839425464357e+00,-2.9377780645402822e+01,-6.3791618248949939e+00,-2.0368681707010014e-01,2.5121714378642829e-01,5.4580909077044285e-02

1.3151864274032187e+02,0,1.0000000000000000e+00,-4.6904691020178975e+00,1.2095381767199989e+01,3.0614255840212623e+00,3.5462784656831264e-01,-3.1827873115634259e-01,-2.7933379694886941e-02
1.3151864274032187e+02,1,1.0000000000000000e+00,-1.6714359022077856e+00,1.6083539277048093e+01,3.0572629670927758e+00,-1.4988913937590670e-01,6.2693473666250554e-02,-2.7598226639132497e-02
1.3151864274032187e+02,2,1.0000000000000000e+00,6.3619050042257088e+00,-2.8178921044248085e+01,-6.1186885511140341e+00,-2.0473870719240611e-01,2.5558525749009203e-01,5.5531606334019455e-02

1.3659329854244692e+02,0,1.0000000000000000e+00,-2.6748662958858302e+00,1.0934943837521555e+01,2.9177076833690121e+00,4.1939870285639391e-01,-1.3220460038207499e-01,-2.8709053806296618e-02
1.3659329854244692e+02,1,1.0000000000000000e+00,-2.6451761714530253e+00,1.5933935918754980e+01,2.9163262455920043e+00,-2.1352736538406614e-01,-1.2862280507970564e-01,-2.7970224600768364e-02
1.3659329854244692e+02,2,1.0000000000000000e+00,5.3200424673388786e+00,-2.6868879756276531e+01,-5.8340339289610101e+00,-2.0587133747232819e-01,2.6082740546178074e-01,5.6679278407064999e-02

1.4157398398293742e+02,0,1.0000000000000000e+00,-6.8390712234101869e-01,1.0749252469753579e+01,2.7728896918379933e+00,3.6030660712404328e-01,5.1240659140238315e-02,-2.9427942242995518e-02
1.4157398398293742e+02,1,1.0000000000000000e+00,-3.6080983433206102e+00,1.4806379672078737e+01,2.7757376425391951e+00,-1.5338428535870807e-01,-3.1786048976705128e-01,-2.8522083312190194e-02
1.4157398398293742e+02,2,1.0000000000000000e+00,4.2920054656616538e+00,-2.5555632141832312e+01,-5.5486273343771790e+00,-2.0692232176533534e-01,2.6661983062681299e-01,5.7950025555185726e-02

1.4646043013922940e+02,0,1.0000000000000000e+00,7.2936095529210920e-01,1.1309779722634676e+01,2.6275971462726027e+00,2.0631765199940930e-01,1.6212673166035307e-01,-3.0017275624742920e-02
1.4646043013922940e+02,1,1.0000000000000000e+00,-4.0079467711018895e+00,1.2927790596638863e+01,2.6345306989476827e+00,1.5296473758742157e-03,-4.3509907019836536e-01,-2.9319205649580914e-02
1.4646043013922940e+02,2,1.0000000000000000e+00,3.2785858158098087e+00,-2.4237570319273534e+01,-5.2621278452202791e+00,-2.0784729937528387e-01,2.7297233853801256e-01,5.9336481274323838e-02

1.5136348881501084e+02,0,1.0000000000000000e+00,1.2705989081803613e+00,1.2154176459135549e+01,2.4792241919783340e+00,1.4034015612811146e-02,1.6233267482963637e-01,-3.0491131080386966e-02
1.5136348881501084e+02,1,1.0000000000000000e+00,-3.5280359489794608e+00,1.0727830115031542e+01,2.4882445553164558e+00,1.9463736306284174e-01,-4.4245211592236017e-01,-3.0397698834613289e-02
1.5136348881501084e+02,2,1.0000000000000000e+00,2.2574370407991258e+00,-2.2882006574167079e+01,-4.9674687472947827e+00,-2.0867137867565311e-01,2.8011944109272408e-01,6.0888829915000268e-02

1.5613417261861343e+02,0,1.0000000000000000e+00,9.4068930678812934e-01,1.2708363188102068e+01,2.3327200115118485e+00,-1.4186772059183320e-01,5.4164725961848625e-02,-3.0938363784446948e-02
1.5613417261861343e+02,1,1.0000000000000000e+00,-2.2009403200489350e+00,8.8187929445789770e+00,2.3402405244471973e+00,3.5121448999407368e-01,-3.4222357674500820e-01,-3.1682351761365628e-02
1.5613417261861343e+02,2,1.0000000000000000e+00,1.2602510132608304e+00,-2.1527156132681032e+01,-4.6729605359590387e+00,-2.0934676940224040e-01,2.8805885078315990e-01,6.2620715545812583e-02

1.6073353325597566e+02,0,1.0000000000000000e+00,9.2548209994845254e-02,1.2577801655858927e+01,2.1891696119109700e+00,-2.1053765264410032e-01,-1.1774826623237122e-01,-3.1525107411977789e-02
1.6073353325597566e+02,1,1.0000000000000000e+00,-3.8891568090322270e-01,7.6045918646608959e+00,2.1914022179365853e+00,4.2026387830186751e-01,-1.7917068756225912e-01,-3.3048281007909720e-02
1.6073353325597566e+02,2,1.0000000000000000e+00,2.9636747090840110e-01,-2.0182393520519806e+01,-4.3805718298475487e+00,-2.0972622565776722e-01,2.9691895379463062e-01,6.4573388419887523e-02

1.6518938903183326e+02,0,1.0000000000000000e+00,-8.0952099599719185e-01,1.1651767740116846e+01,2.0468558555231269e+00,-1.7801541307967686e-01,-2.9484151913091439e-01,-3.2419544938612897e-02
1.6518938903183326e+02,1,1.0000000000000000e+00,1.4475928126135615e+00,7.1860784618946925e+00,2.0412228411784215e+00,3.8760758715847332e-01,-1.1953284791826890e-02,-3.4339144160125713e-02
1.6518938903183326e+02,2,1.0000000000000000e+00,-6.3807181661634660e-01,-1.8837846202011523e+01,-4.0880786967015412e+00,-2.0959217407879638e-01,3.0679480392274128e-01,6.6758689098738638e-02

1.7004044299823127e+02,0,1.0000000000000000e+00,-1.3842081627827414e+00,9.8452112934626150e+00,1.8861730989289551e+00,-4.5105275469574102e-02,-4.3644192686303640e-01,-3.3932521005866072e-02
1.7004044299823127e+02,1,1.0000000000000000e+00,3.0371252233782275e+00,7.4752647825259544e+00,1.8716577381350958e+00,2.5376830214556817e-01,1.1737707427101518e-01,-3.5518470779760856e-02
1.7004044299823127e+02,2,1.0000000000000000e+00,-1.6529170605954615e+00,-1.7320476075988555e+01,-3.7578308370640441e+00,-2.0866302667599412e-01,3.1906485259202133e-01,6.9450991785626942e-02

1.7473749441878891e+02,0,1.0000000000000000e+00,-1.1813954420127390e+00,7.6532396027310412e+00,1.7220871440994179e+00,1.3496934917360023e-01,-4.7942926883924963e-01,-3.6048503288468231e-02
1.7473749441878891e+02,1,1.0000000000000000e+00,3.8105541524940310e+00,8.1372109562727033e+00,1.7027130235332721e+00,7.1881821837783716e-02,1.4665466879168843e-01,-3.6379849716671769e-02
1.7473749441878891e+02,2,1.0000000000000000e+00,-2.6291587104812693e+00,-1.5790450559003727e+01,-3.4248001676326840e+00,-2.0685117101138381e-01,3.3277460004756143e-01,7.2428353005140028e-02

1.7925315387136806e+02,0,1.0000000000000000e+00,-1.8758811892880267e-01,5.5827716715046947e+00,1.5534817871805684e+00,2.9886158315277217e-01,-4.2222196295245629e-01,-3.8731389456989646e-02
1.7925315387136806e+02,1,1.0000000000000000e+00,3.7446401735671149e+00,8.6707083588635534e+00,1.5367840685396983e+00,-9.5027154096337885e-02,7.3778136824185880e-02,-3.7123736655587734e-02
1.7925315387136806e+02,2,1.0000000000000000e+00,-3.5570520546382891e+00,-1.4253480030368234e+01,-3.0902658557202605e+00,-2.0383442905643417e-01,3.4844382612827052e-01,7.5855126112577387e-02

1.8354867674925435e+02,0,1.0000000000000000e+00,1.3337621817515082e+00,4.0212931525869209e+00,1.3807150474184939e+00,3.9655801152994014e-01,-2.9595817650233225e-01,-4.1760715931463424e-02
1.8354867674925435e+02,1,1.0000000000000000e+00,3.0889210186353386e+00,8.6980470974142730e+00,1.3753811408015502e+00,-1.9784813138314811e-01,-7.0413764047175920e-02,-3.8106195231425236e-02
1.8354867674925435e+02,2,1.0000000000000000e+00,-4.4226832003868246e+00,-1.2719340250001181e+01,-2.7560961882200394e+00,-1.9870988014679208e-01,3.6637194054950828e-01,7.9866911162888687e-02

1.8840477651720238e+02,0,1.0000000000000000e+00,3.3163387152876354e+00,3.0106751935990168e+00,1.1695012496946529e+00,3.9962013171803257e-01,-1.1977863254053395e-01,-4.5137180944037611e-02
1.8840477651720238e+02,1,1.0000000000000000e+00,2.0485492875216829e+00,7.8734044788152069e+00,1.1860107067033867e+00,-2.1120660947515257e-01,-2.7019652965532825e-01,-4.0088442786674713e-02
1.8840477651720238e+02,2,1.0000000000000000e+00,-5.3648880028092947e+00,-1.0884079672414209e+01,-2.3555119563980353e+00,-1.8841352224288019e-01,3.8997516219586265e-01,8.5225623730712338e-02

1.9271451728453511e+02,0,1.0000000000000000e+00,4.8668768385719350e+00,2.7973867859128596e+00,9.6995261907808428e-01,3.0666799922040910e-01,1.3272887534491074e-02,-4.7281286175822029e-02
1.9271451728453511e+02,1,1.0000000000000000e+00,1.2814841924643363e+00,6.3570564690444682e+00,1.0073039376557849e+00,-1.3230770213421805e-01,-4.2626469747814349e-01,-4.3064624034660687e-02
1.9271451728453511e+02,2,1.0000000000000000e+00,-6.1483610310362486e+00,-9.1544432549573145e+00,-1.9772565567338647e+00,-1.7436029708619108e-01,4.1299180994365314e-01,9.0345910210482716e-02

1.9695279743830764e+02,0,1.0000000000000000e+00,5.8567300062610217e+00,3.0306276750797627e+00,7.6705775007943711e-01,1.5285105497276308e-01,8.4680150899242523e-02,-4.8296544070265207e-02
1.9695279743830764e+02,1,1.0000000000000000e+00,9.9192205808648826e-01,4.3215229002423197e+00,8.1609064863208813e-01,2.0979413442393513e-03,-5.2269310247493150e-01,-4.7422740042160981e-02
1.9695279743830764e+02,2,1.0000000000000000e+00,-6.8486520643474877e+00,-7.3521505753220620e+00,-1.5831483987115202e+00,-1.5494899631700232e-01,4.3801295157568965e-01,9.5719284112426195e-02

2.0100596997266874e+02,0,1.0000000000000000e+00,6.1301056296350200e+00,3.3848921739843520e+00,5.7054866822541139e-01,-1.8669815737522244e-02,7.6617010383336875e-02,-4.8621566748367498e-02
2.0100596997266874e+02,1,1.0000000000000000e+00,1.2943883942017118e+00,2.1381362671359287e+00,6.1307741994254661e-01,1.4582406931366493e-01,-5.4152233424846619e-01,-5.2921247721802782e-02
2.0100596997266874e+02,2,1.0000000000000000e+00,-7.4244940238367088e+00,-5.5230284411202586e+00,-1.1836260881679530e+00,-1.2715425357614257e-01,4.6490532386513006e-01,1.0154281447017030e-01

2.0437636642669537e+02,0,1.0000000000000000e+00,5.8396633743571007e+00,3.5441806906596600e+00,4.0619064605988797e-01,-1.4944276889864666e-01,9.3739312095521971e-03,-4.8966342861202640e-02
2.0437636642669537e+02,1,1.0000000000000000e+00,1.9591233544136246e+00,3.7492692382601334e-01,4.2669290051730180e-01,2.4269255647133520e-01,-4.9548312448051557e-01,-5.7529565972822876e-02
2.0437636642669537e+02,2,1.0000000000000000e+00,-7.7987867287707031e+00,-3.9191076144856467e+00,-8.3288354657718455e-01,-9.3249787572688536e-02,4.8610919327096425e-01,1.0649590883402552e-01

2.0742348777412090e+02,0,1.0000000000000000e+00,5.2409612907042087e+00,3.4309939318395846e+00,2.5598903276958429e-01,-2.3771249901095362e-01,-8.8080498157631776e-02,-4.9698785689267500e-02
2.0742348777412090e+02,1,1.0000000000000000e+00,2.7861554822073278e+00,-1.0146903129712395e+00,2.4686516577021417e-01,2.9375707702787002e-01,-4.1092210468004975e-01,-6.0153510779464889e-02
2.0742348777412090e+02,2,1.0000000000000000e+00,-8.0271167729115138e+00,-2.4163036188683158e+00,-5.0285419853979296e-01,-5.6044578016916147e-02,4.9900260283768239e-01,1.0985229646873242e-01

2.1051700276868613e+02,0,1.0000000000000000e+00,4.4151593099250777e+00,2.9796662238363281e+00,1.0052306228631558e-01,-2.8974141776206436e-01,-2.0539513061725234e-01,-5.0863959327919650e-02
2.1051700276868613e+02,1,1.0000000000000000e+00,3.7249372164642773e+00,-2.1177391084458606e+00,5.9518458932654505e-02,3.0680321249054360e-01,-2.9948478466380868e-01,-6.0618211756228217e-02
2.1051700276868613e+02,2,1.0000000000000000e+00,-8.1400965263893319e+00,-8.6192711539043465e-01,-1.6004152121896464e-01,-1.7061794728479074e-02,5.0487991528106180e-01,1.1148217108414787e-01

2.1398958425011068e+02,0,1.0000000000000000e+00,3.3720847807843413e+00,2.0314341037026455e+00,-7.8561396016988694e-02,-3.0332323682361872e-01,-3.3957244390109009e-01,-5.2222066745266194e-02
2.1398958425011068e+02,1,1.0000000000000000e+00,4.7516563833250078e+00,-2.9249897492194386e+00,-1.4881071461499917e-01,2.7670404634558499e-01,-1.6558058529199113e-01,-5.9079440565922986e-02
2.1398958425011068e+02,2,1.0000000000000000e+00,-8.1237411641093278e+00,8.9355564551682765e-01,2.2737211063199347e-01,2.6619190478033905e-02,5.0515302919308214e-01,1.1130150731118921e-01

2.1773323146861856e+02,0,1.0000000000000000e+00,2.2882294644867445e+00,5.1812803887763437e-01,-2.7544057478219441e-01,-2.6688391094983466e-01,-4.6267239558198936e-01,-5.2686781187882822e-02
2.1773323146861856e+02,1,1.0000000000000000e+00,5.6452714876455330e+00,-3.2908873048991292e+00,-3.6444822671670118e-01,1.9173237995285369e-01,-3.4273328123962332e-02,-5.5928448615077314e-02
2.1773323146861856e+02,2,1.0000000000000000e+00,-7.9335009521322553e+00,2.7727592660215326e+00,6.3988880149890126e-01,7.5151530996981186e-02,4.9694572370595269e-01,1.0861522980296019e-01

2.2100457030296516e+02,0,1.0000000000000000e+00,1.5267082549417514e+00,-1.1158602731513616e+00,-4.4653093178856684e-01,-1.9242377020855614e-01,-5.2813679885321174e-01,-5.1746265785607357e-02
2.2100457030296516e+02,1,1.0000000000000000e+00,6.0944941356501916e+00,-3.2572043191438693e+00,-5.4183846590983409e-01,7.7793653325466311e-02,4.8129654383557652e-02,-5.2441654515437558e-02
2.2100457030296516e+02,2,1.0000000000000000e+00,-7.6212023905919226e+00,4.3730645922952691e+00,9.8836939769840670e-01,1.1463011688309008e-01,4.8000714446965498e-01,1.0418792030104494e-01

2.2418868100075665e+02,0,1.0000000000000000e+00,1.0701439335262526e+00,-2.8330345920430062e+00,-6.0920859691672513e-01,-9.1140677374398293e-02,-5.4217103341980910e-01,-5.0469140809917809e-02
2.2418868100075665e+02,1,1.0000000000000000e+00,6.1364297060535220e+00,-3.0344275080720049e+00,-7.0294392508311865e-01,-5.3015731724945669e-02,8.3824923870442603e-02,-4.8718245626828083e-02
2.2418868100075665e+02,2,1.0000000000000000e+00,-7.2065736395797524e+00,5.8674621001150520e+00,1.3121525219998504e+00,1.4415640909934430e-01,4.5834610954936728e-01,9.9187386436745920e-02

2.2743644855523621e+02,0,1.0000000000000000e+00,9.5601374019197749e-01,-4.5507519595091770e+00,-7.7157424714582645e-01,2.0313727376656154e-02,-5.0798584780291711e-01,-4.9604184155028860e-02
2.2743644855523621e+02,1,1.0000000000000000e+00,5.7458976903916330e+00,-2.7694472755886608e+00,-8.5482514996198189e-01,-1.8572353033556804e-01,7.1420558555139291e-02,-4.4806067487232863e-02
2.2743644855523621e+02,2,1.0000000000000000e+00,-6.7019114305835883e+00,7.3201992350978839e+00,1.6263993971078154e+00,1.6540980295891217e-01,4.3656528924777882e-01,9.4410251642261786e-02

2.3201650730392737e+02,0,1.0000000000000000e+00,1.3683172784866047e+00,-6.6358147355752362e+00,-9.9709588325005294e-01,1.5137391315217083e-01,-3.9057780465489478e-01,-4.8894862407525302e-02
2.3201650730392737e+02,1,1.0000000000000000e+00,4.5250386094922943e+00,-2.6196126361782692e+00,-1.0475640431168558e+00,-3.3774510306927574e-01,-1.8463896849479022e-02,-3.9421906300046619e-02
2.3201650730392737e+02,2,1.0000000000000000e+00,-5.8933558879788750e+00,9.2554273717535551e+00,2.0446599263669163e+00,1.8637118991710522e-01,4.0904170150437458e-01,8.8316768707571922e-02

2.3662554457575104e+02,0,1.0000000000000000e+00,2.2418442629155333e+00,-8.0479035144488158e+00,-1.2200043319271430e+00,2.1289964269319961e-01,-2.1571141269545649e-01,-4.7634702384570425e-02
2.3662554457575104e+02,1,1.0000000000000000e+00,2.7567467046344838e+00,-3.0338367975421656e+00,-1.2182343038441599e+00,-4.1382048173687880e-01,-1.6806032085886810e-01,-3.4883298059500162e-02
2.3662554457575104e+02,2,1.0000000000000000e+00,-4.9985909675499904e+00,1.1081740311991030e+01,2.4382386357713104e+00,2.0092083904367941e-01,3.8377173355432526e-01,8.2518000444070594e-02

2.4122665675349123e+02,0,1.0000000000000000e+00,3.1758626897770030e+00,-8.6044949064667495e+00,-1.4332912080132767e+00,1.7575849099236282e-01,-2.9087982171083993e-02,-4.4749217742167599e-02
2.4122665675349123e+02,1,1.0000000000000000e+00,8.7569055798067241e-01,-4.1893507664330807e+00,-1.3722262932450788e+00,-3.8563576083275719e-01,-3.3187131018179267e-01,-3.2515239337489267e-02
2.4122665675349123e+02,2,1.0000000000000000e+00,-4.0515532477576475e+00,1.2793845672899884e+01,2.8055175012583633e+00,2.0987726984039445e-01,3.6095929235287766e-01,7.7264457079656873e-02

2.4589790064976677e+02,0,1.0000000000000000e+00,3.7156216237108857e+00,-8.3817726960467933e+00,-1.6316063299811312e+00,4.1885860102612610e-02,1.1127857672436142e-01,-3.9866877776073922e-02
2.4589790064976677e+02,1,1.0000000000000000e+00,-6.5696723998975282e-01,-6.0511597759919828e+00,-1.5242379926854461e+00,-2.5658484444453644e-01,-4.5275145632567532e-01,-3.3031599282449774e-02
2.4589790064976677e+02,2,1.0000000000000000e+00,-3.0586543837211053e+00,1.4432932472038839e+01,3.1558443226665851e+00,2.1469898434192392e-01,3.4147287960131462e-01,7.2898477058523703e-02

2.5064853722401926e+02,0,1.0000000000000000e+00,3.4733269819174324e+00,-7.7070829267826158e+00,-1.8065397459445212e+00,-1.4740752327596010e-01,1.5351586621294208e-01,-3.3690802396364475e-02
2.5064853722401926e+02,1,1.0000000000000000e+00,-1.4413569737970238e+00,-8.3083232991903717e+00,-1.6869051474944039e+00,-6.9863390421138732e-02,-4.7877115658247149e-01,-3.5658214028272274e-02
2.5064853722401926e+02,2,1.0000000000000000e+00,-2.0319700081203811e+00,1.6015406225973052e+01,3.4934448934389337e+00,2.1727091369709908e-01,3.2525529036953027e-01,6.9349016424636784e-02

2.5537218518221982e+02,0,1.0000000000000000e+00,2.3469565351103050e+00,-7.1082964058667777e+00,-1.9514605443564141e+00,-3.2138881109400735e-01,8.2374487724984347e-02,-2.7863916518449147e-02
2.5537218518221982e+02,1,1.0000000000000000e+00,-1.3448794603777166e+00,-1.0410499697293927e+01,-1.8623502853367997e+00,1.0276332801014965e-01,-3.9398802575834591e-01,-3.8497962622564469e-02
2.5537218518221982e+02,2,1.0000000000000000e+00,-1.0020770747325587e+00,1.7518796103160774e+01,3.8138108296932209e+00,2.1862548308385804e-01,3.1161353803336267e-01,6.6361879141013616e-02

2.6004540452908930e+02,0,1.0000000000000000e+00,5.8045842577662410e-01,-7.0600332167270174e+00,-2.0716603392496342e+00,-4.1822618012043022e-01,-7.1353803374818170e-02,-2.4007322476500170e-02
2.6004540452908930e+02,1,1.0000000000000000e+00,-6.0143519923283439e-01,-1.1886890498787707e+01,-2.0460610853114680e+00,1.9915363487736915e-01,-2.2849108444929850e-01,-3.9750122030110031e-02
2.6004540452908930e+02,2,1.0000000000000000e+00,2.0976773456239384e-02,1.8946923715514803e+01,4.1177214245611093e+00,2.1907254524306122e-01,2.9984488782411778e-01,6.3757444506610222e-02

2.6476627848813143e+02,0,1.0000000000000000e+00,-1.4113953933095460e+00,-7.8268568429909280e+00,-2.1815355390262736e+00,-4.0673725952955120e-01,-2.5206881048940699e-01,-2.3065819992843538e-02
2.6476627848813143e+02,1,1.0000000000000000e+00,3.5664352050294701e-01,-1.2510626870230128e+01,-2.2316411227528739e+00,1.8795204544475086e-01,-3.7456477313346892e-02,-3.8406443922637812e-02
2.6476627848813143e+02,2,1.0000000000000000e+00,1.0547518728066323e+00,2.0337483713221140e+01,4.4131766617791568e+00,2.1878521408480076e-01,2.8952528780275477e-01,6.1472263915481364e-02

2.6956070570946525e+02,0,1.0000000000000000e+00,-3.1200273446980598e+00,-9.4050939119449453e+00,-2.2958698996824669e+00,-2.9149770879363890e-01,-3.9451517109569861e-01,-2.5052101828921376e-02
2.6956070570946525e+02,1,1.0000000000000000e+00,1.0179899835262303e+00,-1.2298421458519003e+01,-2.4071862293592772e+00,7.3455213487271798e-02,1.1396603713582226e-01,-3.4454516912942948e-02
2.6956070570946525e+02,2,1.0000000000000000e+00,2.1020373611718641e+00,2.1703515370464029e+01,4.7030561290417525e+00,2.1804249530636732e-01,2.8054913395987741e-01,5.9506618741864338e-02

2.7459702292883640e+02,0,1.0000000000000000e+00,-4.1358106604673317e+00,-1.1573447274110944e+01,-2.4316971445187123e+00,-1.0626565883651595e-01,-4.4743921807848641e-01,-2.9070352031960671e-02
2.7459702292883640e+02,1,1.0000000000000000e+00,9.3805631063236028e-01,-1.1522082406754166e+01,-2.5665139967882600e+00,-1.1079825209986532e-01,1.7500640891062580e-01,-2.8676663364561858e-02
2.7459702292883640e+02,2,1.0000000000000000e+00,3.1977543498350034e+00,2.3095529680865184e+01,4.9982111413069799e+00,2.1706391093638155e-01,2.7243280916786150e-01,5.7747015396522536e-02

2.7959885212396489e+02,0,1.0000000000000000e+00,-4.1962007933066490e+00,-1.3700725776946634e+01,-2.5877187903393422e+00,7.6060271455719003e-02,-3.8452743703455139e-01,-3.3171876623517671e-02
2.7959885212396489e+02,1,1.0000000000000000e+00,-8.4627238131570692e-02,-1.0739398260410931e+01,-2.6954171310769399e+00,-2.9205086073783615e-01,1.1917964843349715e-01,-2.3038257045172102e-02
2.7959885212396489e+02,2,1.0000000000000000e+00,4.2808280314382534e+00,2.4440124037357641e+01,5.2831359214162905e+00,2.1599058928211734e-01,2.6534778860105523e-01,5.6210133668689787e-02

2.8435521089170373e+02,0,1.0000000000000000e+00,-3.5344622021258805e+00,-1.5203215578149052e+01,-2.7519111805044596e+00,1.8800711923841845e-01,-2.3601548248591084e-01,-3.5495037246747102e-02
2.8435521089170373e+02,1,1.0000000000000000e+00,-1.7710716145994905e+00,-1.0484420125617593e+01,-2.7954028305310730e+00,-4.0287860688880667e-01,-2.3312130448903262e-02,-1.9401989623064199e-02
2.8435521089170373e+02,2,1.0000000000000000e+00,5.3055338167254051e+00,2.5687635703766720e+01,5.5473140110355423e+00,2.1487148765038849e-01,2.5932761293481543e-01,5.4897026869811315e-02

2.8900535525478591e+02,0,1.0000000000000000e+00,-2.5900127868335110e+00,-1.5876760073718462e+01,-2.9173447992120836e+00,2.0043968785063387e-01,-5.2077795370950503e-02,-3.5181113027928763e-02
2.8900535525478591e+02,1,1.0000000000000000e+00,-3.7120049804283299e+00,-1.1004308632907668e+01,-2.8825237871789335e+00,-4.1414196381168494e-01,-2.0198193942214801e-01,-1.8566311003954446e-02
2.8900535525478591e+02,2,1.0000000000000000e+00,6.3020177672618738e+00,2.6881068706626216e+01,5.7998685863910255e+00,2.1370227596105124e-01,2.5405973479309996e-01,5.3747424031883220e-02

2.9415847701669998e+02,0,1.0000000000000000e+00,-1.7827437424252099e+00,-1.5662628619360497e+01,-3.0907387595495939e+00,9.3477723825836870e-02,1.2374591321000222e-01,-3.1596733877789177e-02
2.9415847701669998e+02,1,1.0000000000000000e+00,-5.6171149266623104e+00,-1.2514004922466377e+01,-2.9831355725452262e+00,-3.0586605265667477e-01,-3.7261890238052564e-01,-2.1025774125410724e-02
2.9415847701669998e+02,2,1.0000000000000000e+00,7.3998586690875605e+00,2.8176633541826959e+01,6.0738743320948299e+00,2.1238832883083825e-01,2.4887298917052458e-01,5.2622508003199911e-02

2.9916032743752987e+02,0,1.0000000000000000e+00,-1.7624404813393149e+00,-1.4808592284890207e+01,-3.2351014730799923e+00,-9.3383718823314699e-02,1.9753959483781958e-01,-2.5921610296842104e-02
2.9916032743752987e+02,1,1.0000000000000000e+00,-6.6966315127720888e+00,-1.4601431456041958e+01,-3.0995162150198028e+00,-1.1776374058929057e-01,-4.4191786906228037e-01,-2.5731850209180430e-02
2.9916032743752987e+02,2,1.0000000000000000e+00,8.4590719941114436e+00,2.9410023740932257e+01,6.3346176880998035e+00,2.1114745941260554e-01,2.4437827422446190e-01,5.1653460506022555e-02

3.0411148623834788e+02,0,1.0000000000000000e+00,-2.7128818902916301e+00,-1.3910087644095455e+01,-3.3489040763742981e+00,-2.8461632623779226e-01,1.4472457840238812e-01,-2.0228504056119645e-02
3.0411148623834788e+02,1,1.0000000000000000e+00,-6.7886504213748671e+00,-1.6699740965681798e+01,-3.2392696763400144e+00,7.4662142027423273e-02,-3.8506366814204113e-01,-3.0553664350261654e-02
3.0411148623834788e+02,2,1.0000000000000000e+00,9.5015323116665371e+00,3.0609828609777352e+01,6.5881737527143240e+00,2.0995418421036943e-01,2.4033908973965415e-01,5.0782168406381320e-02

3.0857689245144337e+02,0,1.0000000000000000e+00,-4.2661366585202085e+00,-1.3547197880001644e+01,-3.4307618653483143e+00,-3.9741825848184570e-01,7.0304419363368120e-03,-1.6823888547091694e-02
3.0857689245144337e+02,1,1.0000000000000000e+00,-6.1705532734766022e+00,-1.8128275286500799e+01,-3.3825377508707981e+00,1.8852511950742529e-01,-2.4402576797780232e-01,-3.3234558405101026e-02
3.0857689245144337e+02,2,1.0000000000000000e+00,1.0436689931996854e+01,3.1675473166502552e+01,6.8132996162191226e+00,2.0889313897442069e-01,2.3699532604146659e-01,5.0058446952192727e-02

3.1469230110635920e+02,0,1.0000000000000000e+00,-6.7937819605071503e+00,-1.4232711596374656e+01,-3.5300111155942524e+00,-3.9780073740897426e-01,-2.3060692581918998e-01,-1.6518048019181338e-02
3.1469230110635920e+02,1,1.0000000000000000e+00,-4.9159926298395789e+00,-1.8879151595118561e+01,-3.5866158850885501e+00,1.9033303143740965e-01,-2.2387769577514038e-03,-3.2642384593217215e-02
3.1469230110635920e+02,2,1.0000000000000000e+00,1.1709774590346775e+01,3.3111863191493335e+01,7.1166270006828096e+00,2.0746770597156497e-01,2.3284570277694241e-01,4.9160432612398587e-02

3.1998345286014575e+02,0,1.0000000000000000e+00,-8.5859383393423609e+00,-1.5898770014775600e+01,-3.6254751941242107e+00,-2.6282095581282344e-01,-3.8386358187398234e-01,-2.0030610802752390e-02
3.1998345286014575e+02,1,1.0000000000000000e+00,-4.2184263553549561e+00,-1.8436437705984915e+01,-3.7493968757442495e+00,5.6535468856815596e-02,1.5424707027905599e-01,-2.8434390088236804e-02
3.1998345286014575e+02,2,1.0000000000000000e+00,1.2804364694697364e+01,3.4335207720760636e+01,7.3748720698684691e+00,2.0628548695600812e-01,2.2961651159492741e-01,4.8465000890989200e-02

3.2519252431094554e+02,0,1.0000000000000000e+00,-9.4552573490144045e+00,-1.8055473318980425e+01,-3.7430166341417133e+00,-6.6812594574411355e-02,-4.2310310813992541e-01,-2.5203735645144568e-02
3.2519252431094554e+02,1,1.0000000000000000e+00,-4.4207536688900504e+00,-1.7468138106964393e+01,-3.8826625632343172e+00,-1.3836428047615129e-01,1.9639749955757008e-01,-2.2636125784258367e-02
3.2519252431094554e+02,2,1.0000000000000000e+00,1.3876011017904503e+01,3.5523611425944935e+01,7.6256791973760389e+00,2.0517687505056303e-01,2.2670560858235639e-01,4.7839861429402934e-02

3.3036357450806543e+02,0,1.0000000000000000e+00,-9.3124852938987335e+00,-2.0074387916368362e+01,-3.8860594905863186e+00,1.1324590571324405e-01,-3.3851621387757486e-01,-2.9863305211850644e-02
3.3036357450806543e+02,1,1.0000000000000000e+00,-5.6217557521033834e+00,-1.6614534885347108e+01,-3.9854982175142868e+00,-3.1736516789613323e-01,1.1448198749438282e-01,-1.7401960352392033e-02
3.3036357450806543e+02,2,1.0000000000000000e+00,1.4934241046002171e+01,3.6688922801715606e+01,7.8715577081006138e+00,2.0411926218288923e-01,2.2403422638319309e-01,4.7265265564242674e-02

3.3516905989947526e+02,0,1.0000000000000000e+00,-8.5071565540248368e+00,-2.1333656634762846e+01,-4.0359176260578939e+00,2.0595059704351321e-01,-1.7602602711326754e-01,-3.2053301307721958e-02
3.3516905989947526e+02,1,1.0000000000000000e+00,-7.4056753508323609e+00,-1.6426254204787313e+01,-4.0615646550509350e+00,-4.0911679672193596e-01,-4.5703250682007646e-02,-1.4715162568856424e-02
3.3516905989947526e+02,2,1.0000000000000000e+00,1.5912831904857246e+01,3.7759910839550287e+01,8.0974822811088369e+00,2.0316619967842270e-01,2.2172927779527662e-01,4.6768463876578362e-02

3.4094358400660673e+02,0,1.0000000000000000e+00,-7.3302893604859740e+00,-2.1693324195807364e+01,-4.2192103273205763e+00,1.7422840985383153e-01,4.8203110360160284e-02,-3.0666529843288628e-02
3.4094358400660673e+02,1,1.0000000000000000e+00,-9.7525208260509242e+00,-1.7339481550939723e+01,-4.1467252446771052e+00,-3.7629147975179805e-01,-2.6737706505244635e-01,-1.5551891086046286e-02
3.4094358400660673e+02,2,1.0000000000000000e+00,1.7082810186536946e+01,3.9032805746747222e+01,8.3659355719976922e+00,2.0206306989796635e-01,2.1917395469228762e-01,4.6218420929334904e-02

3.4614160414352608e+02,0,1.0000000000000000e+00,-6.7834839199635510e+00,-2.1037328767413157e+01,-4.3675241170338026e+00,2.0351135457358283e-02,1.8723197912315304e-01,-2.5972722640976276e-02
3.4614160414352608e+02,1,1.0000000000000000e+00,-1.1347175922734589e+01,-1.9129167270726754e+01,-4.2374582685959785e+00,-2.2146830380416743e-01,-4.0428468198586875e-01,-1.9790722245236692e-02
3.4614160414352608e+02,2,1.0000000000000000e+00,1.8130659842698190e+01,4.0166496038140053e+01,8.6049823856297891e+00,2.0111716834680909e-01,2.1705270286271694e-01,4.5763444886212964e-02

3.5126655468935132e+02,0,1.0000000000000000e+00,-7.2009723138337769e+00,-1.9982715633727089e+01,-4.4853027981690623e+00,-1.8491801895805515e-01,2.0139129547084883e-01,-1.9967724995798602e-02
3.5126655468935132e+02,1,1.0000000000000000e+00,-1.1958104226718401e+01,-2.1291108150622819e+01,-4.3531317851459637e+00,-1.5308250734131834e-02,-4.1649185488290513e-01,-2.5377498727187774e-02
3.5126655468935132e+02,2,1.0000000000000000e+00,1.9159076540552228e+01,4.1273823784350064e+01,8.8384345833150348e+00,2.0022626969218693e-01,2.1510055941205758e-01,4.5345223722986383e-02

3.5579319652072871e+02,0,1.0000000000000000e+00,-8.4092844615136393e+00,-1.9255285260329984e+01,-4.5650082573184338e+00,-3.3924943241356598e-01,1.0485867797178014e-01,-1.5537832622314299e-02
3.5579319652072871e+02,1,1.0000000000000000e+00,-1.1654417702721711e+01,-2.2988513211301964e+01,-4.4778924459938709e+00,1.3978230287884180e-01,-3.1833591162068842e-01,-2.9459084775879607e-02
3.5579319652072871e+02,2,1.0000000000000000e+00,2.0063702164235401e+01,4.2243798471632097e+01,9.0429007033123110e+00,1.9946712953472401e-01,2.1347723364890953e-01,4.4996917398193892e-02

3.6196248857207439e+02,0,1.0000000000000000e+00,-1.0832712192061297e+01,-1.9288701502900601e+01,-4.6515174140398141e+00,-4.1538472337396204e-01,-1.2523109559972470e-01,-1.3393881941314412e-02
3.6196248857207439e+02,1,1.0000000000000000e+00,-1.0458461197107351e+01,-2.4265636418403417e+01,-4.6675939640401776e+00,2.1691521546889447e-01,-8.6177847902571353e-02,-3.1158800709942806e-02
3.6196248857207439e+02,2,1.0000000000000000e+00,2.1291173389168701e+01,4.3554337921304182e+01,9.3191113780799970e+00,1.9846950790506723e-01,2.1140894350229719e-01,4.4552682651257204e-02

3.6727155579118050e+02,0,1.0000000000000000e+00,-1.2873965288679560e+01,-2.0482225260044949e+01,-4.7272959564222408e+00,-3.3250697617909331e-01,-3.1458225260317785e-01,-1.5740017885520693e-02
3.6727155579118050e+02,1,1.0000000000000000e+00,-9.4687001762020930e+00,-2.4190057256866222e+01,-4.8273964369786464e+00,1.3485857513004962e-01,1.0482748082706433e-01,-2.8458063062135733e-02
3.6727155579118050e+02,2,1.0000000000000000e+00,2.2342665464881701e+01,4.4672282516911331e+01,9.5546923934008952e+00,1.9764840104904355e-01,2.0975477177611454e-01,4.4198080947656426e-02

3.7259611238286033e+02,0,1.0000000000000000e+00,-1.4192164640749176e+01,-2.2469198986642084e+01,-4.8237189885791025e+00,-1.5215896380892679e-01,-4.1164072417382147e-01,-2.0755216608244649e-02
3.7259611238286033e+02,1,1.0000000000000000e+00,-9.2007799283158604e+00,-2.3315748847738405e+01,-4.9654131261546919e+00,-4.4702358502870909e-02,2.0344243983516785e-01,-2.3109959854850610e-02
3.7259611238286033e+02,2,1.0000000000000000e+00,2.3392944569065094e+01,4.5784947834380674e+01,9.7891321147338015e+00,1.9686132231179759e-01,2.0819828433865450e-01,4.3865176463095248e-02

3.7794175528636237e+02,0,1.0000000000000000e+00,-1.4455779330480564e+01,-2.4639717478278570e+01,-4.9497088084218364e+00,4.9875620928440750e-02,-3.7814961152531112e-01,-2.6257127053071302e-02
3.7794175528636237e+02,1,1.0000000000000000e+00,-9.9874766418365883e+00,-2.2254207992224902e+01,-5.0730605593702052e+00,-2.4597895291361957e-01,1.7142487737540879e-01,-1.7292846536949420e-02
3.7794175528636237e+02,2,1.0000000000000000e+00,2.4443255972317210e+01,4.6893925470503660e+01,1.0022769367792048e+01,1.9610333198517851e-01,2.0672473414990322e-01,4.3549973590020705e-02

3.8260432992465758e+02,0,1.0000000000000000e+00,-1.3896241928858254e+01,-2.6136512191731295e+01,-5.0807581532216401e+00,1.7812064183846657e-01,-2.5135838922683307e-01,-2.9604127936481473e-02
3.8260432992465758e+02,1,1.0000000000000000e+00,-1.1459863160700344e+01,-2.1718418905702329e+01,-5.1444528565598100e+00,-3.7358496680698539e-01,4.5851899363587578e-02,-1.3684885378325535e-02
3.8260432992465758e+02,2,1.0000000000000000e+00,2.5356105089558653e+01,4.7854931097433827e+01,1.0225211009781457e+01,1.9546432496851873e-01,2.0550648986324641e-01,4.3289013314806987e-02

3.8888343535189875e+02,0,1.0000000000000000e+00,-1.2592613814504912e+01,-2.6969269185052379e+01,-5.2704995016197715e+00,2.0523729463621329e-01,-9.5545644384639750e-03,-2.9927145578001885e-02
3.8888343535189875e+02,1,1.0000000000000000e+00,-1.3988209999630346e+01,-2.2171150729619789e+01,-5.2254761760509112e+00,-3.9987258258146252e-01,-1.9440641607426778e-01,-1.3030804951490824e-02
3.8888343535189875e+02,2,1.0000000000000000e+00,2.6580823814135318e+01,4.9140419914672371e+01,1.0495975677670687e+01,1.9463528794524920e-01,2.0396098051273270e-01,4.2957950529492687e-02

3.9418813960233564e+02,0,1.0000000000000000e+00,-1.1775262701175686e+01,-2.6529591922379293e+01,-5.4206542703434017e+00,8.3161066641390100e-02,1.6185673934130981e-01,-2.6141363730499790e-02
3.9418813960233564e+02,1,1.0000000000000000e+00,-1.5836253519892436e+01,-2.3689497685456075e+01,-5.3024985967397233e+00,-2.7712604820022413e-01,-3.6459129146603730e-01,-1.6554419791411316e-02
3.9418813960233564e+02,2,1.0000000000000000e+00,2.7611516221068179e+01,5.0219089607835585e+01,1.0723152867083130e+01,1.9396498155883396e-01,2.0273455212472868e-01,4.2695783521911085e-02

3.9930629103502366e+02,0,1.0000000000000000e+00,-1.1837476996378527e+01,-2.5498820490991569e+01,-5.5400823302138775e+00,-1.1404179341259818e-01,2.1905432697599614e-01,-2.0366360216170359e-02
3.9930629103502366e+02,1,1.0000000000000000e+00,-1.6765181158992334e+01,-2.5754997727184744e+01,-5.4009753843032025e+00,-7.9301757620044599e-02,-4.2066583437834826e-01,-2.2089653506328469e-02
3.9930629103502366e+02,2,1.0000000000000000e+00,2.8602658155370918e+01,5.1253818218176541e+01,1.0941057714517083e+01,1.9334355103264284e-01,2.0161150740235312e-01,4.2456013722498825e-02

4.0437240896288273e+02,0,1.0000000000000000e+00,-1.2915718737823145e+01,-2.4526827347635390e+01,-5.6289360560593913e+00,-3.0318412010512447e-01,1.4378796285187212e-01,-1.4974819589744309e-02
4.0437240896288273e+02,1,1.0000000000000000e+00,-1.6664927787157175e+01,-2.7745673545807811e+01,-5.5266310347290295e+00,1.1043459198451611e-01,-3.4433994398131940e-01,-2.7254827835292157e-02
4.0437240896288273e+02,2,1.0000000000000000e+00,2.9580646524980384e+01,5.2272500893443436e+01,1.1155567090788423e+01,1.9274952812060825e-01,2.0055198112944825e-01,4.2229647425036460e-02

4.0933417786231041e+02,0,1.0000000000000000e+00,-1.4719180496536026e+01,-2.4207784465875108e+01,-5.6949331664674769e+00,-4.0531748383505822e-01,-2.5833275088858632e-02,-1.2163061427678153e-02
4.0933417786231041e+02,1,1.0000000000000000e+00,-1.5816438953738228e+01,-2.9057334189148214e+01,-5.6696384590279543e+00,2.1313160840322404e-01,-1.7372898472087933e-01,-2.9854931906476326e-02
4.0933417786231041e+02,2,1.0000000000000000e+00,3.0535619450274318e+01,5.3265118655023571e+01,1.1364571625495435e+01,1.9218587543183413e-01,1.9956225980973902e-01,4.2017993334154478e-02

4.1425748281185116e+02,0,1.0000000000000000e+00,-1.6720892598401875e+01,-2.4816050998478993e+01,-5.7549300305985103e+00,-3.8761277457714849e-01,-2.1890592128884329e-01,-1.2781246637026782e-02
4.1425748281185116e+02,1,1.0000000000000000e+00,-1.4759576492849115e+01,-2.9429250156202698e+01,-5.8160122948044011e+00,1.9596818788440717e-01,2.0280110721033917e-02,-2.9036594831212247e-02
4.1425748281185116e+02,2,1.0000000000000000e+00,3.1480469091251052e+01,5.4245301154681933e+01,1.1570942325402916e+01,1.9164458669274109e-01,1.9862581056781059e-01,4.1817841468239018e-02

4.1978255862247988e+02,0,1.0000000000000000e+00,-1.8509834746540946e+01,-2.6504940498553829e+01,-5.8357849709209404e+00,-2.4219573861926835e-01,-3.7521918668112009e-01,-1.6972147622940401e-02
4.1978255862247988e+02,1,1.0000000000000000e+00,-1.4027857493544071e+01,-2.8834995380949444e+01,-5.9656090348967252e+00,5.1136510512577171e-02,1.7759423457112322e-01,-2.4632123724313275e-02
4.1978255862247988e+02,2,1.0000000000000000e+00,3.2537692240085086e+01,5.5339935879503535e+01,1.1801394005817667e+01,1.9105922810669107e-01,1.9762495210999831e-01,4.1604271347253648e-02

4.2473374776460065e+02,0,1.0000000000000000e+00,-1.9252713814487230e+01,-2.8490697290108308e+01,-5.9326643007297237e+00,-5.4715320142068979e-02,-4.0769339224160966e-01,-2.2229976993648103e-02
4.2473374776460065e+02,1,1.0000000000000000e+00,-1.4229689577596188e+01,-2.7825581200053723e+01,-6.0742648839404749e+00,-1.3583799753934611e-01,2.1092526593962319e-01,-1.9191588366593196e-02
4.2473374776460065e+02,2,1.0000000000000000e+00,3.3482403392083484e+01,5.6316278490162304e+01,1.2006929184670199e+01,1.9055331768141515e-01,1.9676812630198792e-01,4.1421565360241275e-02

4.2472043031234011e+02,0,1.0000000000000000e+00,-1.9251981720905629e+01,-2.8485267394610215e+01,-5.9323683489748467e+00,-5.5229689220948154e-02,-4.0776206536707466e-01,-2.2215723952658986e-02
4.2472043031234011e+02,1,1.0000000000000000e+00,-1.4227883977549119e+01,-2.7828390630392761e+01,-6.0740092027703438e+00,-1.3532496767668695e-01,2.1099168174095034e-01,-1.9206322854403737e-02
4.2472043031234011e+02,2,1.0000000000000000e+00,3.3479865698454816e+01,5.6313658025003249e+01,1.2006377551745192e+01,1.9055465689763512e-01,1.9677038362612581e-01,4.1422046807062698e-02

